-99	-41.56	21.45	121.42	-143.01
-95	-41.12	16.19	121.55	-151.84
-90	-40.94	12.45	121.91	-161.09
-85	-41.13	9.98	121.56	-167.88
-80	-41.7	8.38	120.46	-173.37
-75	-42.72	7.72	118.5	-178.04
-70	-44.2	9.23	115.39	177.86
-65	-46.31	22.97	110.49	174.19
-60	-49.16	48.61	101.4	170.86
-55	-53.12	167.78
-50	-58.8	164.92
-45	-121.56	-112.08	-67.92	162.22
-40	-124.11	159.67
-35	-126.55	157.23
-30	-128.9	154.88
-25	-131.17	152.61
-20	-133.78	150.4
-15	-135.55	148.23
-10	-137.68	146.1
-5	-139.79	143.99
0	-141.89	141.89
5	-143.99	139.79
10	-146.1	137.68
15	-148.23	135.55
20	-150.4	133.38
25	-152.61	131.17
30	-154.88	128.9
35	-157.23	126.55
40	-159.67	124.11
45	112.08	121.56	-162.22	67.92
50	-164.92	58.8
55	-167.78	53.12
60	-170.86	-131.4	-78.61	49.16
65	-174.19	-140.49	-52.97	46.31
70	-177.86	-145.39	-39.23	44.2
75	178.04	-148.5	-37.72	40.23
80	173.37	-150.46	-38.38	37.37
85	167.88	-151.56	-39.98	35.86
90	161.09	-151.91	-42.45	35.37
95	151.84	-151.55	-46.19	35.86
99	140.37	-151.42	-51.45	36.98