-99	-21.84	21.45	121.42	-165.98
-95	-23.39	16.19	121.55	-178.87
-90	-23.29	12.45	121.91	171.88
-85	-23.39	9.98	121.56	165.09
-80	-23.68	8.38	120.46	159.6
-75	-24.17	7.72	118.5	154.92
-70	-24.85	9.23	115.39	150.83
-65	-25.87	22.97	110.49	147.16
-60	-27.17	48.61	101.4	143.83
-55	-28.87	140.75
-50	-31.08	137.89
-45	-34.01	135.19
-40	-37.99	132.64
-35	-43.6	130.2
-30	-52.29	127.85
-25	-69.41	125.58
-20	-102.21	123.36
-15	-108.52	121.2
-10	-110.65	119.07
-5	-112.76	116.96
0	-114.86	114.86
5	-116.96	112.776
10	-119.07	110.65
15	-121.2	108.52
20	-123.36	102.21
25	-125.58	69.41
30	-127.85	52.29
35	-130.2	43.6
40	-132.64	37.99
45	-135.19	34.01
50	-137.89	31.08
55	-140.75	28.87
60	-143.83	-131.4	-78.61	27.17
65	-147.16	-140.49	-52.97	25.87
70	-150.83	-145.39	-39.23	24.89
75	-154.92	-148.5	-37.72	24.17
80	-159.6	-150.46	-38.38	23.86
85	-165.09	-151.56	-39.98	28.39
90	-171.88	-151.91	-42.45	23.29
95	178.87	-151.55	-46.19	23.39
99	165.98	-151.42	-51.45	21.84