-99	-66.98	21.45	121.42	-149.73
-95	-65.86	16.19	121.55	-150.58
-90	-65.37	12.45	121.91	-153.98
-85	-65.86	9.98	121.56	-160.77
-80	-67.37	8.38	120.46	-166.26
-75	-70.23	7.72	118.5	-170.93
-70	-75.33	9.23	115.39	-175.03
-65	-101.17	22.97	110.49	-178.7
-60	-112.08	48.61	71.4	78.61	101.4	177.97
-55	176.89	174.89
-50	174.03	172.03
-45	171.33	169.33
-40	168.78	166.78
-35	166.34	164.34
-30	163.99	161.99
-25	161.72	159.72
-20	159.51	157.51
-15	157.34	155.34
-10	155.21	153.21
-5	153.1	151.1
0	151	149
5	148.9	146.9
10	146.79	144.79
15	144.66	142.66
20	142.49	140.49
25	140.28	138.28
30	138.01	136.01
35	135.66	133.66
40	133.22	131.22
45	130.67	128.67
50	127.97	125.97
55	125.11	123.11
60	122.03	-131.4	-108.61	-101.4	-78.61	52.08
65	118.7	-140.49	-52.97	41.17
70	115.03	-145.39	-39.23	35.89
75	110.93	-148.5	-37.72	32.62
80	112.62	-150.46	-38.38	30.57
85	114.14	-151.56	-39.98	29.42
90	114.62	-151.91	-42.45	29.06
95	114.14	-151.55	-46.19	29.42
99	113.01	-151.42	-51.45	30.28