-99	-60.28	21.45	121.42	-143.01
-95	-59.42	16.19	121.55	-144.14
-90	-59.06	12.45	121.91	-144.62
-85	-59.42	9.98	121.56	-144.14
-80	-60.57	8.38	120.46	-142.62
-75	-62.62	7.79	118.5	-140.93
-70	-65.89	9.23	115.39	-145.03
-65	-71.17	22.97	110.49	-148.7
-60	-82.08	48.61	101.4	-152.03
-55	-153.11	-155.11
-50	-155.97	-157.97
-45	-158.67	-160.67
-40	-161.22	-163.22
-35	-163.66	-165.66
-30	-166.01	-168.01
-25	-168.28	-170.28
-20	-170.49	-172.49
-15	-172.66	-174.66
-10	-174.79	-176.79
-5	-176.9	-178.9
0	-179	179
5	178.9	176.9
10	176.79	174.79
15	174.66	172.66
20	172.49	170.49
25	170.28	168.28
30	168.01	166.01
35	165.66	163.66
40	163.22	161.22
45	160.67	158.67
50	157.97	155.97
55	155.11	153.11
60	152.03	-131.4	-78.61	82.08
65	148.7	-140.49	-52.97	71.17
70	150.3	-145.39	-39.23	45.33
75	140.93	-148.5	-37.72	40.23
80	136.26	-150.46	-38.38	37.37
85	130.77	-151.26	-39.98	35.86
90	123.98	-151.91	-42.45	35.37
95	120.58	-151.55	-46.19	35.68
99	119.73	-151.42	-51.45	36.98
