-99	-160.28	-143.01	-66.98	21.45	121.42	140.27
-95	-159.42	-144.14	-65.85	16.19	121.55	139.42
-90	-159.06	-144.62	-65.37	12.45	121.91	136.02
-85	-159.42	-144.14	-65.86	9.98	121.56	129.23
-80	-160.57	-142.62	-67.37	8.38	120.46	123.74
-75	-162.62	-139.76	-70.23	7.72	118.5	119.07
-70	143.97	145.89	-165.89	-134.67	-75.33	9.23
-65	140.3	151.16	-171.17	22.97	110.49	111.3
-60	136.97	162.08	177.92	48.61	101.4	107.97
-55	133.89	104.89
-50	131.03	102.03
-45	128.33	99.33
-40	125.78	96.78
-35	123.34	94.34
-30	120.99	91.99
-25	118.72	89.72
-20	116.51	87.51
-15	114.34	85.34
-10	112.21	83.21
-5	110.1	81.1
0	108	79
5	105.9	76.9
10	103.79	74.79
15	101.66	72.66
20	99.49	70.49
25	97.28	68.28
30	95.01	66.01
35	92.66	63.66
40	90.22	61.22
45	87.67	58.67
50	84.97	55.97
55	82.11	53.11
60	79.03	-131.4	-78.61	-17.92
65	75.7	-140.49	-52.97	-28.83
70	104.67	-145.39	-39.23	-34.11
75	109.76	-148.5
80	112.62	-150.46
85	114.14	-151.56
90	114.62	-151.91	-42.45	-40.94
95	114.14	-151.55	-46.19	-40.58
99	28.84	36.98	113.01	-151.42	-51.45	-39.72