-99	-30.28	21.45	121.42	-143.01
-95	-29.42	16.19	121.55	-144.14
-90	-29.06	12.45	121.91	-144.62
-85	-29.42	9.98	121.56	-144.14
-80	-30.57	8.38	120.46	-142.62
-75	-32.62	7.72	118.5	-139.76
-70	-105.33	-104.67	-35.89	9.23	115.39	-134.67
-65	-41.17	22.97	110.49	-118.7
-60	-52.08	48.61	71.4	78.61	101.4	-122.03
-55	-123.11	-125.11
-50	-125.97	-127.97
-45	-128.67	-130.67
-40	-131.22	-133.22
-35	-133.66	-135.66
-30	-136.01	-138.01
-25	-138.28	-140.28
-20	-140.49	-142.49
-15	-142.66	-144.66
-10	-144.79	-146.79
-5	-146.9	-148.9
0	-149	-151
5	-151.1	-153.1
10	-153.21	-155.21
15	-155.34	-157.34
20	-157.51	-159.51
25	-159.72	-161.72
30	-161.99	-163.99
35	-164.34	-166.34
40	-166.78	-168.78
45	-169.33	-171.33
50	-172.03	-174.03
55	-174.89	-176.89
60	-177.97	-131.4	-108.61	-101.4	-78.61	112.08
65	178.7	-140.49	-52.97	101.17
70	74.67	75.33	175.03	-145.39	-39.23	45.33
75	170.93	-148.5	-37.72	40.23
80	166.26	-150.46	-38.38	37.37
85	160.77	-151.56	-39.98	35.86
90	153.98	-151.91	-42.45	35.37
95	150.58	-151.55	-46.19	35.86
99	149.73	-151.42	-51.45	36.98